0.01 0.24095238095238095
0.060000000000000005 0.4611904761904762
0.11 0.6878571428571428
0.16000000000000003 0.7714285714285715
0.21000000000000002 0.768095238095238
0.26 0.7783333333333333
0.31000000000000005 0.7947619047619048
0.36000000000000004 0.8116666666666666
0.41000000000000003 0.7961904761904762
0.46 0.7623809523809524
0.51 0.8080952380952381
0.56 0.8330952380952381
0.6100000000000001 0.8116666666666666
0.66 0.8073809523809524
0.7100000000000001 0.8526190476190476
0.76 0.8295238095238096
0.81 0.784047619047619
0.8600000000000001 0.8145238095238095
0.91 0.7776190476190477
0.9600000000000001 0.8292857142857143
