0.326190 10.000000 0.010000
0.565714 10.000000 0.030000
0.705952 10.000000 0.050000
0.776905 10.000000 0.070000
0.835952 10.000000 0.090000
0.413810 20.000000 0.010000
0.704048 20.000000 0.030000
0.811429 20.000000 0.050000
0.837857 20.000000 0.070000
0.857381 20.000000 0.090000
0.460000 30.000000 0.010000
0.729286 30.000000 0.030000
0.827619 30.000000 0.050000
0.843095 30.000000 0.070000
0.857381 30.000000 0.090000
0.545952 40.000000 0.010000
0.755952 40.000000 0.030000
0.817619 40.000000 0.050000
0.845238 40.000000 0.070000
0.862857 40.000000 0.090000
0.553571 50.000000 0.010000
0.781429 50.000000 0.030000
0.821429 50.000000 0.050000
0.848333 50.000000 0.070000
0.863810 50.000000 0.090000
